1 388 114 109 1
6 78 73 57 6
11 61 55 51 11
16 166 147 106 24
21 234 125 129 55
26 256 132 141 118
31 537 92 88 251
36 1625 153 123 656
41 2119 139 106 1445
46 3590 130 114 3134
51 6392 142 106 6715
56 21054 123 194 17448
61 39247 130 181 38451
66 74689 151 144 83406
71 141936 127 116 178675
76 589042 168 136 464288
81 1112333 157 136 1023177
86 2350290 152 150 2219414
91 2271765 67 122 4754507
96 7461541 83 77 12354616
101 10082481 175 78 27226543
106 18914183 87 69 59058182
111 37958142 211 78 126516523
116 141396959 173 81 328753968
121 277209675 92 84 724493101
126 538759257 190 86 1571526926
131 1042381614 117 97 3366580475
136 4040963310 132 99 8748080200
141 7876121877 201 99 19278622827
146 15057194756 194 93 41818030878
151 26975953120 181 97 89584062435
156 105980656471 181 102 232784740672
161 202986049850 203 97 513000465553
166 371176623982 122 114 1112769802150
171 748359426215 137 116 2383814764555
